11.518312
11.903848
11.733480
11.721927
11.679790
11.770966
11.606974
11.602316
11.693560
11.572169
11.523916
11.542232
11.544630
11.537539
11.560942
11.577925
11.531154
11.446008
11.486932
11.585940
11.550594
11.521431
11.637423
11.602875
11.723715
11.608721
11.790684
11.477453
11.509094
11.435648
11.744932
11.486562
11.836335
11.386235
11.848096
12.004167
11.961418
12.705256
12.751782
14.252069
13.748441
12.189946
12.060620
12.502947
11.854040
11.790629
11.879250
12.263649
11.710251
12.780837
